%YAML:1.0
---
rotation: [ 1.9236758351325989e-01, 5.9204655885696411e-01,
    -7.8260815143585205e-01, -1.2552842497825623e-02,
    7.9892247915267944e-01, 6.0130292177200317e-01,
    9.8124265670776367e-01, -1.0584725439548492e-01,
    1.6111865639686584e-01 ]
hand_joints:
   finger1joint1: [ -4.3633231520652771e-01, -1.1344640702009201e-01,
       -8.7266461923718452e-03 ]
   finger1joint2: [ -5.6723201274871826e-01, 0., 0. ]
   finger1joint3: [ -6.1959189176559448e-01, -6.9813169538974762e-02,
       -5.2359879016876221e-02 ]
   finger2joint1: [ -4.6251225471496582e-01, -3.4906584769487381e-02, 0. ]
   finger2joint2: [ -6.5449845790863037e-01, 0., 0. ]
   finger2joint3: [ -5.1487213373184204e-01, 0., 0. ]
   finger3joint1: [ -6.1086523532867432e-01, -6.9813169538974762e-02, 0. ]
   finger3joint2: [ -4.3633231520652771e-01, 0., 0. ]
   finger3joint3: [ -2.1816615760326385e-01, 0., 0. ]
   finger4joint1: [ -2.0943951606750488e-01, 0., 0. ]
   finger4joint2: [ -2.0943951606750488e-01, 0., 0. ]
   finger4joint3: [ -2.6179939508438110e-02, 0., 0. ]
   finger5joint1: [ -6.1086523532867432e-01, 1.1344640702009201e-01,
       -5.1487213373184204e-01 ]
   finger5joint2: [ 8.7266467511653900e-02, 1.3089969754219055e-01, 0. ]
   finger5joint3: [ -4.3633231520652771e-01, 0., 0. ]
   metacarpals: [ 0., 0., 0. ]
   carpals: [ 0., 0., 0. ]
   root: [ 0., 0., 0. ]
