%YAML:1.0
---
rotation: [ 1.3340318202972412e-01, 6.5569752454757690e-01,
    -7.4314486980438232e-01, -7.3537069559097290e-01,
    5.6818497180938721e-01, 3.6931791901588440e-01,
    6.6440457105636597e-01, 4.9721875786781311e-01,
    5.5797845125198364e-01 ]
hand_joints:
   finger1joint1: [ -4.3633231520652771e-01, -9.5993109047412872e-02,
       5.2359879016876221e-02 ]
   finger1joint2: [ -1.2653636932373047e+00, 0., 0. ]
   finger1joint3: [ -1.3439035415649414e+00, 0., 0. ]
   finger2joint1: [ -5.0614547729492188e-01, -7.8539818525314331e-02, 0. ]
   finger2joint2: [ -1.0995573997497559e+00, 2.6179939508438110e-02, 0. ]
   finger2joint3: [ -9.6865773200988770e-01, 1.0471975803375244e-01,
       -6.1086524277925491e-02 ]
   finger3joint1: [ -5.6723201274871826e-01, 0., 0. ]
   finger3joint2: [ -1.1170107126235962e+00, 0., 0. ]
   finger3joint3: [ -9.2502450942993164e-01, 0., 0. ]
   finger4joint1: [ 9.5993109047412872e-02, 2.6179939508438110e-02, 0. ]
   finger4joint2: [ -7.8539818525314331e-02, 0., 0. ]
   finger4joint3: [ 1.0471975803375244e-01, 0., 0. ]
   finger5joint1: [ -3.0543261766433716e-01, -6.1086524277925491e-02,
       -6.9813169538974762e-02 ]
   finger5joint2: [ 2.0943951606750488e-01, 0., 0. ]
   finger5joint3: [ -6.9813169538974762e-02, 0., 0. ]
   metacarpals: [ -8.7266461923718452e-03, 8.7266467511653900e-02, 0. ]
   carpals: [ 0., 0., 0. ]
   root: [ 0., 0., 0. ]
