%YAML:1.0
---
rotation: [ 4.9808061122894287e-01, 3.6187666654586792e-01,
    -7.8801077604293823e-01, 3.5025990009307861e-01,
    7.4735969305038452e-01, 5.6459850072860718e-01,
    7.9324257373809814e-01, -5.5722415447235107e-01,
    2.4549448490142822e-01 ]
hand_joints:
   finger1joint1: [ -2.0943951606750488e-01, -2.0943951606750488e-01, 0. ]
   finger1joint2: [ -1.3962633907794952e-01, 0., 0. ]
   finger1joint3: [ -9.5993109047412872e-02, 0., 0. ]
   finger2joint1: [ -1.8325957655906677e-01, -7.8539818525314331e-02, 0. ]
   finger2joint2: [ -1.0471975803375244e-01, 2.6179939508438110e-02, 0. ]
   finger2joint3: [ -9.5993109047412872e-02, -1.2217304855585098e-01, 0. ]
   finger3joint1: [ -2.8797933459281921e-01, 0., 0. ]
   finger3joint2: [ -1.3962633907794952e-01, 0., 0. ]
   finger3joint3: [ -1.3089969754219055e-01, 0., 0. ]
   finger4joint1: [ -5.0614547729492188e-01, 2.6179939508438110e-02, 0. ]
   finger4joint2: [ -6.1086523532867432e-01, 0., 0. ]
   finger4joint3: [ 1.4835299551486969e-01, 0., 0. ]
   finger5joint1: [ -3.8397243618965149e-01, -6.1086524277925491e-02,
       -6.9813169538974762e-02 ]
   finger5joint2: [ 2.0943951606750488e-01, 0., 0. ]
   finger5joint3: [ -5.1487213373184204e-01, 0., 0. ]
   metacarpals: [ -8.7266461923718452e-03, 8.7266467511653900e-02, 0. ]
   carpals: [ 0., 0., 0. ]
   root: [ 0., 0., 0. ]
