%YAML:1.0
---
rotation: [ 4.5114448666572571e-01, 4.6717384457588196e-01,
    -7.6040595769882202e-01, 2.5033789873123169e-01,
    7.5158995389938354e-01, 6.1028152704238892e-01,
    8.5662102699279785e-01, -4.6568360924720764e-01,
    2.2212432324886322e-01 ]
hand_joints:
   finger1joint1: [ -4.3633231520652771e-01, -9.5993109047412872e-02,
       5.2359879016876221e-02 ]
   finger1joint2: [ -1.2653636932373047e+00, 0., 0. ]
   finger1joint3: [ -1.3439035415649414e+00, 0., 0. ]
   finger2joint1: [ -5.0614547729492188e-01, -7.8539818525314331e-02, 0. ]
   finger2joint2: [ -1.0995573997497559e+00, 2.6179939508438110e-02, 0. ]
   finger2joint3: [ -9.5120447874069214e-01, 1.0471975803375244e-01,
       -6.1086524277925491e-02 ]
   finger3joint1: [ -5.6723201274871826e-01, 0., 0. ]
   finger3joint2: [ -1.1082841157913208e+00, 0., 0. ]
   finger3joint3: [ -9.1629791259765625e-01, 0., 0. ]
   finger4joint1: [ -5.0614547729492188e-01, 2.6179939508438110e-02, 0. ]
   finger4joint2: [ -6.1086523532867432e-01, 0., 0. ]
   finger4joint3: [ 1.4835299551486969e-01, 0., 0. ]
   finger5joint1: [ -3.8397243618965149e-01, -6.1086524277925491e-02,
       -6.9813169538974762e-02 ]
   finger5joint2: [ 2.0943951606750488e-01, 0., 0. ]
   finger5joint3: [ -5.1487213373184204e-01, 0., 0. ]
   metacarpals: [ -8.7266461923718452e-03, 8.7266467511653900e-02, 0. ]
   carpals: [ 0., 0., 0. ]
   root: [ 0., 0., 0. ]
