%YAML:1.0
---
rotation: [ 3.2442042231559753e-01, 4.4652640819549561e-01,
    -8.3388584852218628e-01, 2.4018824100494385e-01,
    8.1378650665283203e-01, 5.2920806407928467e-01,
    9.1491037607192993e-01, -3.7197545170783997e-01,
    1.5675856173038483e-01 ]
hand_joints:
   finger1joint1: [ 1.3089969754219055e-01, -3.4033921360969543e-01,
       2.6179939508438110e-01 ]
   finger1joint2: [ -1.3962633907794952e-01, 0., 0. ]
   finger1joint3: [ -6.1086524277925491e-02, 0., 0. ]
   finger2joint1: [ 5.2359879016876221e-02, -1.1344640702009201e-01,
       -2.0943951606750488e-01 ]
   finger2joint2: [ 8.7266467511653900e-02, -1.1344640702009201e-01,
       -6.9813169538974762e-02 ]
   finger2joint3: [ 0., -8.7266461923718452e-03, 5.2359879016876221e-02 ]
   finger3joint1: [ 0., -2.6179939508438110e-02, -2.4434609711170197e-01 ]
   finger3joint2: [ 0., 0., -7.8539818525314331e-02 ]
   finger3joint3: [ 1.7453293502330780e-01, 0., 0. ]
   finger4joint1: [ -1.5707963705062866e-01, 5.2359879016876221e-02, 0. ]
   finger4joint2: [ 0., 7.8539818525314331e-02, -3.3161255717277527e-01 ]
   finger4joint3: [ -9.5993109047412872e-02, 0., 0. ]
   finger5joint1: [ -8.7266461923718452e-03, 2.0943951606750488e-01,
       3.4033921360969543e-01 ]
   finger5joint2: [ -8.7266461923718452e-03, 2.5307273864746094e-01,
       1.8325957655906677e-01 ]
   finger5joint3: [ -2.2689281404018402e-01, -1.3962633907794952e-01, 0. ]
   metacarpals: [ 0., 0., 0. ]
   carpals: [ 0., 0., 0. ]
   root: [ 0., 0., 0. ]
