%YAML:1.0
---
rotation: [ 5.2426528930664062e-01, 5.4289269447326660e-01,
    -6.5605902671813965e-01, -3.4830921888351440e-01,
    8.3974099159240723e-01, 4.1655212640762329e-01,
    7.7706277370452881e-01, 1.0127604007720947e-02,
    6.2934160232543945e-01 ]
hand_joints:
   finger1joint1: [ 4.6251225471496582e-01, -1.2217304855585098e-01,
       2.6179939508438110e-01 ]
   finger1joint2: [ 7.8539818525314331e-02, 0., 0. ]
   finger1joint3: [ -8.7266461923718452e-03, 0., 0. ]
   finger2joint1: [ 2.7052605152130127e-01, -2.6179939508438110e-02,
       -2.0943951606750488e-01 ]
   finger2joint2: [ 2.0943951606750488e-01, -1.2217304855585098e-01,
       -6.9813169538974762e-02 ]
   finger2joint3: [ 0., -8.7266461923718452e-03, 5.2359879016876221e-02 ]
   finger3joint1: [ 1.8325957655906677e-01, 5.2359879016876221e-02,
       -2.4434609711170197e-01 ]
   finger3joint2: [ 2.7052605152130127e-01, 8.7266461923718452e-03,
       -7.8539818525314331e-02 ]
   finger3joint3: [ -1.3089969754219055e-01, 0., 0. ]
   finger4joint1: [ 7.8539818525314331e-02, 0., 0. ]
   finger4joint2: [ 1.1344640702009201e-01, 7.8539818525314331e-02,
       -3.3161255717277527e-01 ]
   finger4joint3: [ -5.2359879016876221e-02, 0., 0. ]
   finger5joint1: [ 0., 2.6179939508438110e-01, -4.3633231520652771e-01 ]
   finger5joint2: [ 0., 0., 0. ]
   finger5joint3: [ 0., 0., 0. ]
   metacarpals: [ 0., 0., 0. ]
   carpals: [ 0., 0., 0. ]
   root: [ 0., 0., 0. ]
