%YAML:1.0
---
rotation: [ 1.9146370887756348e-01, 5.4067689180374146e-01,
    -8.1915205717086792e-01, 2.1538168191909790e-01,
    7.9110491275787354e-01, 5.7250654697418213e-01,
    9.5757627487182617e-01, -2.8604456782341003e-01,
    3.5015981644392014e-02 ]
hand_joints:
   finger1joint1: [ -7.8539818525314331e-01, -1.2217304855585098e-01,
       -8.7266461923718452e-03 ]
   finger1joint2: [ -8.9884459972381592e-01, 0., 0. ]
   finger1joint3: [ -1.0210176706314087e+00, -6.9813169538974762e-02,
       -5.2359879016876221e-02 ]
   finger2joint1: [ -7.0685839653015137e-01, -3.4906584769487381e-02, 0. ]
   finger2joint2: [ -8.9011794328689575e-01, 0., 0. ]
   finger2joint3: [ -9.3375116586685181e-01, 0., 0. ]
   finger3joint1: [ -8.0285149812698364e-01, -6.9813169538974762e-02, 0. ]
   finger3joint2: [ -7.5049161911010742e-01, 0., 0. ]
   finger3joint3: [ -6.8940508365631104e-01, 0., 0. ]
   finger4joint1: [ -1.3962633907794952e-01, 0., 0. ]
   finger4joint2: [ -1.1344640702009201e-01, 0., 0. ]
   finger4joint3: [ -2.6179939508438110e-02, 0., 0. ]
   finger5joint1: [ -3.7524580955505371e-01, 1.1344640702009201e-01,
       -5.1487213373184204e-01 ]
   finger5joint2: [ 8.7266467511653900e-02, 1.3089969754219055e-01, 0. ]
   finger5joint3: [ -4.3633231520652771e-01, 0., 0. ]
   metacarpals: [ 0., 0., 0. ]
   carpals: [ 0., 0., 0. ]
   root: [ 0., 0., 0. ]
