%YAML:1.0
---
rotation: [ 5.0383025407791138e-01, 3.0273172259330750e-01,
    -8.0901700258255005e-01, 4.3057614564895630e-01,
    7.2391033172607422e-01, 5.3903430700302124e-01,
    7.4883854389190674e-01, -6.1992526054382324e-01,
    2.3437885940074921e-01 ]
hand_joints:
   finger1joint1: [ -1.0384709835052490e+00, -1.2217304855585098e-01,
       -6.1086524277925491e-02 ]
   finger1joint2: [ -9.2502450942993164e-01, 0., -2.0943951606750488e-01 ]
   finger1joint3: [ -6.5449845790863037e-01, 1.0471975803375244e-01,
       -2.6179939508438110e-01 ]
   finger2joint1: [ -9.6865773200988770e-01, 0., -1.3962633907794952e-01 ]
   finger2joint2: [ -9.2502450942993164e-01, 1.1344640702009201e-01,
       -1.4835299551486969e-01 ]
   finger2joint3: [ -9.2502450942993164e-01, 1.3089969754219055e-01, 0. ]
   finger3joint1: [ -1.2217304706573486e+00, 8.7266467511653900e-02,
       -1.4835299551486969e-01 ]
   finger3joint2: [ -8.6393797397613525e-01, 1.8325957655906677e-01,
       -1.5707963705062866e-01 ]
   finger3joint3: [ -7.5921821594238281e-01, -3.4906584769487381e-02, 0. ]
   finger4joint1: [ -1.0733774900436401e+00, 7.8539818525314331e-02,
       -1.7453292384743690e-02 ]
   finger4joint2: [ -9.8611104488372803e-01, 1.4835299551486969e-01,
       -1.7453292384743690e-02 ]
   finger4joint3: [ -5.0614547729492188e-01, 0., 4.3633233755826950e-02 ]
   finger5joint1: [ -9.2502450942993164e-01, -1.7453292384743690e-02,
       -4.3633231520652771e-01 ]
   finger5joint2: [ -5.1487213373184204e-01, -9.5993109047412872e-02,
       -4.0142574906349182e-01 ]
   finger5joint3: [ -6.7523407936096191e-01, 4.8660181462764740e-02,
       4.2448904365301132e-02 ]
   metacarpals: [ 9.7353011369705200e-02, -1.8394537270069122e-02,
       -5.9493161737918854e-02 ]
   carpals: [ 1.6214546561241150e-01, 4.4256240129470825e-02,
       4.8229809850454330e-02 ]
   root: [ -3.1361404806375504e-02, 3.6842051893472672e-02,
       -3.5449907183647156e-02 ]
