%YAML:1.0
---
rotation: [ -1.0581517219543457e-01, 4.0915685892105103e-01,
    -9.0630781650543213e-01, 2.6253765821456909e-01,
    8.9058011770248413e-01, 3.7140414118766785e-01,
    9.5910221338272095e-01, -1.9863978028297424e-01,
    -2.0165598392486572e-01 ]
hand_joints:
   finger1joint1: [ -8.7266467511653900e-02, -1.7453292384743690e-02,
       1.5707963705062866e-01 ]
   finger1joint2: [ -1.3089969754219055e-01, 0., 0. ]
   finger1joint3: [ -2.7052605152130127e-01, 0., 0. ]
   finger2joint1: [ 5.2359879016876221e-02, -6.1086524277925491e-02,
       2.6179939508438110e-02 ]
   finger2joint2: [ -3.4906587004661560e-01, 0., 0. ]
   finger2joint3: [ -2.7052605152130127e-01, 0., 0. ]
   finger3joint1: [ -2.6179939508438110e-02, 0., 0. ]
   finger3joint2: [ -3.5779249668121338e-01, 0., 0. ]
   finger3joint3: [ -1.7453293502330780e-01, 0., 0. ]
   finger4joint1: [ -5.2359879016876221e-02, 0., 0. ]
   finger4joint2: [ -3.9269909262657166e-01, 0., 0. ]
   finger4joint3: [ -4.1015237569808960e-01, 0., 0. ]
   finger5joint1: [ -1.8325957655906677e-01, 1.8325957655906677e-01, 0. ]
   finger5joint2: [ -1.4835299551486969e-01, 2.6179939508438110e-02, 0. ]
   finger5joint3: [ -1.0471975803375244e-01, 0., 0. ]
   metacarpals: [ 0., 0., 0. ]
   carpals: [ 0., 0., 0. ]
   root: [ 0., 0., 0. ]
