%YAML:1.0
---
rotation: [ 3.3674973249435425e-01, 2.9273208975791931e-01,
    -8.9493435621261597e-01, 3.8327962160110474e-02,
    9.4539666175842285e-01, 3.2366043329238892e-01,
    9.4081377983093262e-01, -1.4329358935356140e-01,
    3.0714225769042969e-01 ]
hand_joints:
   finger1joint1: [ -5.3232544660568237e-01, -5.2359879016876221e-02,
       -8.7266461923718452e-03 ]
   finger1joint2: [ -7.5921821594238281e-01, 0., 0. ]
   finger1joint3: [ -8.3775806427001953e-01, -6.9813169538974762e-02,
       -5.2359879016876221e-02 ]
   finger2joint1: [ -6.8940508365631104e-01, -3.4906584769487381e-02, 0. ]
   finger2joint2: [ -1.0384709835052490e+00, 0., 0. ]
   finger2joint3: [ -7.2431164979934692e-01, 0., 0. ]
   finger3joint1: [ -1.0471975803375244e+00, -6.9813169538974762e-02, 0. ]
   finger3joint2: [ -6.5449845790863037e-01, 0., 0. ]
   finger3joint3: [ -4.1887903213500977e-01, 0., 0. ]
   finger4joint1: [ -6.1086523532867432e-01, 0., 0. ]
   finger4joint2: [ -6.5449845790863037e-01, 0., 0. ]
   finger4joint3: [ -3.8397243618965149e-01, 0., 0. ]
   finger5joint1: [ -6.5449845790863037e-01, 1.1344640702009201e-01,
       -4.4505897164344788e-01 ]
   finger5joint2: [ 1.0471975803375244e-01, 1.3962633907794952e-01, 0. ]
   finger5joint3: [ -9.5993113517761230e-01, 0., 0. ]
   metacarpals: [ 0., 0., 0. ]
   carpals: [ 0., 0., 0. ]
   root: [ 0., 0., 0. ]
