%YAML:1.0
---
rotation: [ 3.6295792460441589e-01, 3.7585398554801941e-01,
    -8.5264021158218384e-01, 2.8744149208068848e-01,
    8.2525366544723511e-01, 4.8614180088043213e-01,
    8.8636279106140137e-01, -4.2153322696685791e-01,
    1.9149632751941681e-01 ]
hand_joints:
   finger1joint1: [ -4.3633231520652771e-01, -9.5993109047412872e-02,
       5.2359879016876221e-02 ]
   finger1joint2: [ -1.2653636932373047e+00, 0., 0. ]
   finger1joint3: [ -1.3439035415649414e+00, 0., 0. ]
   finger2joint1: [ -6.1086523532867432e-01, -7.8539818525314331e-02, 0. ]
   finger2joint2: [ -1.0995573997497559e+00, 2.6179939508438110e-02, 0. ]
   finger2joint3: [ -1.2566370964050293e+00, 1.0471975803375244e-01,
       -6.1086524277925491e-02 ]
   finger3joint1: [ -7.9412484169006348e-01, 0., 0. ]
   finger3joint2: [ -1.2130038738250732e+00, 0., 0. ]
   finger3joint3: [ -1.1344640254974365e+00, 0., 0. ]
   finger4joint1: [ -5.0614547729492188e-01, 2.6179939508438110e-02, 0. ]
   finger4joint2: [ -4.6251225471496582e-01, 0., 0. ]
   finger4joint3: [ -1.1344640702009201e-01, 0., 0. ]
   finger5joint1: [ -3.8397243618965149e-01, -6.1086524277925491e-02,
       -6.9813169538974762e-02 ]
   finger5joint2: [ 2.0943951606750488e-01, 0., 0. ]
   finger5joint3: [ -5.1487213373184204e-01, 0., 0. ]
   metacarpals: [ -8.7266461923718452e-03, 8.7266467511653900e-02, 0. ]
   carpals: [ 0., 0., 0. ]
   root: [ 0., 0., 0. ]
