%YAML:1.0
---
rotation: [ 2.7162796258926392e-01, 3.5399252176284790e-01,
    -8.9493435621261597e-01, 3.4454393386840820e-01,
    8.3249437808990479e-01, 4.3386930227279663e-01,
    8.9861428737640381e-01, -4.2619526386260986e-01,
    1.0416277498006821e-01 ]
hand_joints:
   finger1joint1: [ -4.8869219422340393e-01, -9.5993109047412872e-02,
       5.2359879016876221e-02 ]
   finger1joint2: [ -5.7595866918563843e-01, 0., 0. ]
   finger1joint3: [ -5.4977869987487793e-01, 0., 0. ]
   finger2joint1: [ -4.3633231520652771e-01, -7.8539818525314331e-02, 0. ]
   finger2joint2: [ -6.6322511434555054e-01, 2.6179939508438110e-02, 0. ]
   finger2joint3: [ -4.8869219422340393e-01, -6.9813169538974762e-02, 0. ]
   finger3joint1: [ -5.6723201274871826e-01, 0., 0. ]
   finger3joint2: [ -5.1487213373184204e-01, 0., 0. ]
   finger3joint3: [ -3.3161255717277527e-01, 0., 0. ]
   finger4joint1: [ -5.0614547729492188e-01, 2.6179939508438110e-02, 0. ]
   finger4joint2: [ -6.1086523532867432e-01, 0., 0. ]
   finger4joint3: [ 1.4835299551486969e-01, 0., 0. ]
   finger5joint1: [ -3.8397243618965149e-01, -6.1086524277925491e-02,
       -6.9813169538974762e-02 ]
   finger5joint2: [ 2.0943951606750488e-01, 0., 0. ]
   finger5joint3: [ -5.1487213373184204e-01, 0., 0. ]
   metacarpals: [ -8.7266461923718452e-03, 8.7266467511653900e-02, 0. ]
   carpals: [ 0., 0., 0. ]
   root: [ 0., 0., 0. ]
