%YAML:1.0
---
rotation: [ 4.4652640819549561e-01, 3.2442042231559753e-01,
    -8.3388584852218628e-01, 6.0375213623046875e-01,
    5.7857835292816162e-01, 5.4838907718658447e-01,
    6.6037690639495850e-01, -7.4833053350448608e-01,
    6.2480989843606949e-02 ]
hand_joints:
   finger1joint1: [ 3.8397243618965149e-01, -1.2217304855585098e-01,
       2.6179939508438110e-01 ]
   finger1joint2: [ 1.4835299551486969e-01, 0., 0. ]
   finger1joint3: [ 9.5993109047412872e-02, 0., 0. ]
   finger2joint1: [ 2.7052605152130127e-01, -2.6179939508438110e-02,
       -2.0943951606750488e-01 ]
   finger2joint2: [ 2.0943951606750488e-01, -1.2217304855585098e-01,
       -6.9813169538974762e-02 ]
   finger2joint3: [ 1.7453292384743690e-02, -8.7266461923718452e-03,
       5.2359879016876221e-02 ]
   finger3joint1: [ 1.9198621809482574e-01, 5.2359879016876221e-02,
       -2.4434609711170197e-01 ]
   finger3joint2: [ 2.7052605152130127e-01, 8.7266461923718452e-03,
       -7.8539818525314331e-02 ]
   finger3joint3: [ -1.3089969754219055e-01, 0., 0. ]
   finger4joint1: [ 7.8539818525314331e-02, 0., 0. ]
   finger4joint2: [ 1.1344640702009201e-01, 7.8539818525314331e-02,
       -3.2288593053817749e-01 ]
   finger4joint3: [ -5.2359879016876221e-02, 0., 0. ]
   finger5joint1: [ 0., 2.6179939508438110e-01, -4.3633231520652771e-01 ]
   finger5joint2: [ 0., 0., 0. ]
   finger5joint3: [ 0., 0., 0. ]
   metacarpals: [ 0., 0., 0. ]
   carpals: [ 0., 0., 0. ]
   root: [ 0., 0., 0. ]
