%YAML:1.0
---
rotation: [ 3.4206613898277283e-01, 6.0459983348846436e-01,
    -7.1933984756469727e-01, 5.2062988281250000e-01,
    5.1533925533294678e-01, 6.8071287870407104e-01,
    7.8226286172866821e-01, -6.0735863447189331e-01,
    -1.3849265873432159e-01 ]
hand_joints:
   finger1joint1: [ -2.0943951606750488e-01, -1.7453292384743690e-02,
       1.5707963705062866e-01 ]
   finger1joint2: [ -4.3633231520652771e-01, 0., 0. ]
   finger1joint3: [ -3.4033921360969543e-01, 0., 0. ]
   finger2joint1: [ -1.1344640702009201e-01, -6.1086524277925491e-02,
       2.6179939508438110e-02 ]
   finger2joint2: [ -4.9741885066032410e-01, 0., 0. ]
   finger2joint3: [ -4.3633231520652771e-01, 0., 0. ]
   finger3joint1: [ -1.6580627858638763e-01, 0., 0. ]
   finger3joint2: [ -5.9341198205947876e-01, 0., 0. ]
   finger3joint3: [ -4.5378562808036804e-01, 0., 0. ]
   finger4joint1: [ -2.4434609711170197e-01, 0., 0. ]
   finger4joint2: [ -4.5378562808036804e-01, 0., 0. ]
   finger4joint3: [ -6.5449845790863037e-01, 0., 0. ]
   finger5joint1: [ -1.8325957655906677e-01, 2.3561945557594299e-01, 0. ]
   finger5joint2: [ -2.6179939508438110e-01, 2.6179939508438110e-02, 0. ]
   finger5joint3: [ -2.7052605152130127e-01, 0., 0. ]
   metacarpals: [ 0., 0., 0. ]
   carpals: [ 0., 0., 0. ]
   root: [ 0., 0., 0. ]
