%YAML:1.0
---
rotation: [ 1.2086614966392517e-01, 5.2352869510650635e-01,
    -8.4339141845703125e-01, 1.8972179293632507e-01,
    8.2177537679672241e-01, 5.3729963302612305e-01,
    9.7437006235122681e-01, -2.2495108842849731e-01,
    2.3486112610271448e-08 ]
hand_joints:
   finger1joint1: [ 1.3089969754219055e-01, -1.8325957655906677e-01,
       1.5707963705062866e-01 ]
   finger1joint2: [ -1.4835299551486969e-01, 0., 0. ]
   finger1joint3: [ -1.1344640702009201e-01, 0., 0. ]
   finger2joint1: [ 1.7453293502330780e-01, -6.1086524277925491e-02,
       2.6179939508438110e-02 ]
   finger2joint2: [ -2.1816615760326385e-01, 0., 0. ]
   finger2joint3: [ -1.3962633907794952e-01, 0., 0. ]
   finger3joint1: [ 1.1344640702009201e-01, 0., 0. ]
   finger3joint2: [ -1.6580627858638763e-01, 0., 0. ]
   finger3joint3: [ -6.9813169538974762e-02, 0., 0. ]
   finger4joint1: [ 5.2359879016876221e-02, 0., 0. ]
   finger4joint2: [ -2.6179939508438110e-01, 0., 0. ]
   finger4joint3: [ -9.5993109047412872e-02, 0., 0. ]
   finger5joint1: [ 2.6179939508438110e-02, 1.7453293502330780e-01, 0. ]
   finger5joint2: [ -8.7266461923718452e-03, 2.6179939508438110e-02, 0. ]
   finger5joint3: [ -2.9670599102973938e-01, 0., 0. ]
   metacarpals: [ 0., 0., 0. ]
   carpals: [ 0., 0., 0. ]
   root: [ 0., 0., 0. ]
