%YAML:1.0
---
rotation: [ 1.5046489238739014e-01, 7.3955857753753662e-01,
    -6.5605902671813965e-01, -7.8324109315872192e-01,
    4.9410191178321838e-01, 3.7735480070114136e-01,
    6.0323596000671387e-01, 4.5707371830940247e-01,
    6.5359765291213989e-01 ]
hand_joints:
   finger1joint1: [ -4.3633231520652771e-01, -9.5993109047412872e-02,
       5.2359879016876221e-02 ]
   finger1joint2: [ -1.2653636932373047e+00, 0., 0. ]
   finger1joint3: [ -1.3439035415649414e+00, 0., 0. ]
   finger2joint1: [ -5.0614547729492188e-01, -7.8539818525314331e-02, 0. ]
   finger2joint2: [ -1.0995573997497559e+00, 2.6179939508438110e-02, 0. ]
   finger2joint3: [ -9.6865773200988770e-01, 1.0471975803375244e-01,
       -6.1086524277925491e-02 ]
   finger3joint1: [ -5.6723201274871826e-01, 0., 0. ]
   finger3joint2: [ -1.1170107126235962e+00, 0., 0. ]
   finger3joint3: [ -7.4176496267318726e-01, 0., 0. ]
   finger4joint1: [ -1.8325957655906677e-01, 2.6179939508438110e-02, 0. ]
   finger4joint2: [ -3.1415927410125732e-01, 0., 0. ]
   finger4joint3: [ -2.9670599102973938e-01, 0., 0. ]
   finger5joint1: [ -3.4906587004661560e-01, -2.6179939508438110e-02,
       -6.9813169538974762e-02 ]
   finger5joint2: [ 1.3089969754219055e-01, 0., -2.3561945557594299e-01 ]
   finger5joint3: [ -4.1015237569808960e-01, 0., -3.4906587004661560e-01 ]
   metacarpals: [ -8.7266461923718452e-03, 8.7266467511653900e-02, 0. ]
   carpals: [ 0., 0., 0. ]
   root: [ 0., 0., 0. ]
