%YAML:1.0
---
rotation: [ -8.2444854080677032e-02, 3.5710781812667847e-01,
    -9.3041759729385376e-01, 7.6056614518165588e-02,
    9.3312770128250122e-01, 3.5140857100486755e-01,
    9.9368917942047119e-01, -4.1792586445808411e-02,
    -1.0409199446439743e-01 ]
hand_joints:
   finger1joint1: [ -4.7123891115188599e-01, -1.7453292384743690e-02,
       1.5707963705062866e-01 ]
   finger1joint2: [ -4.6251225471496582e-01, 0., 0. ]
   finger1joint3: [ -6.1959189176559448e-01, -1.0471975803375244e-01, 0. ]
   finger2joint1: [ -4.3633231520652771e-01, -7.8539818525314331e-02,
       2.6179939508438110e-02 ]
   finger2joint2: [ -6.5449845790863037e-01, 6.9813169538974762e-02, 0. ]
   finger2joint3: [ -8.6393797397613525e-01, 5.2359879016876221e-02, 0. ]
   finger3joint1: [ -6.5449845790863037e-01, 0., 0. ]
   finger3joint2: [ -8.2030475139617920e-01, 0., 0. ]
   finger3joint3: [ -7.3303830623626709e-01, 0., 0. ]
   finger4joint1: [ -6.2831854820251465e-01, 0., 0. ]
   finger4joint2: [ -7.1558499336242676e-01, 0., 0. ]
   finger4joint3: [ -9.6865773200988770e-01, 0., 0. ]
   finger5joint1: [ -4.8869219422340393e-01, 2.3561945557594299e-01, 0. ]
   finger5joint2: [ -2.7925267815589905e-01, 2.6179939508438110e-02, 0. ]
   finger5joint3: [ -4.0142574906349182e-01, 0., 0. ]
   metacarpals: [ 0., 0., 0. ]
   carpals: [ 0., 0., 0. ]
   root: [ 0., 0., 0. ]
