%YAML:1.0
---
rotation: [ 4.7588855028152466e-01, 5.4744696617126465e-01,
    -6.8835449218750000e-01, -1.1639103293418884e-01,
    8.1497740745544434e-01, 5.6768387556076050e-01,
    8.7177014350891113e-01, -1.9003596901893616e-01,
    4.5155632495880127e-01 ]
hand_joints:
   finger1joint1: [ -8.2030475139617920e-01, -6.9813169538974762e-02,
       -3.4906584769487381e-02 ]
   finger1joint2: [ -8.0285149812698364e-01, -2.8797933459281921e-01,
       -2.0943951606750488e-01 ]
   finger1joint3: [ -6.7195177078247070e-01, 8.7266467511653900e-02,
       -2.4434609711170197e-01 ]
   finger2joint1: [ -8.7266463041305542e-01, 0., 0. ]
   finger2joint2: [ -8.1157815456390381e-01, -1.0471975803375244e-01, 0. ]
   finger2joint3: [ -8.1157815456390381e-01, 0., 0. ]
   finger3joint1: [ -9.4247782230377197e-01, 0., 0. ]
   finger3joint2: [ -9.2502450942993164e-01, 0., 0. ]
   finger3joint3: [ -6.1086523532867432e-01, 0., 0. ]
   finger4joint1: [ -8.7266463041305542e-01, 0., 0. ]
   finger4joint2: [ -7.1558499336242676e-01, 0., 0. ]
   finger4joint3: [ -7.5049161911010742e-01, 0., 0. ]
   finger5joint1: [ -5.5850535631179810e-01, 2.3561945557594299e-01,
       -1.9198621809482574e-01 ]
   finger5joint2: [ -3.8397243618965149e-01, -2.0943951606750488e-01,
       -2.3561945557594299e-01 ]
   finger5joint3: [ -6.1086523532867432e-01, 0., 0. ]
   metacarpals: [ 1.5707963705062866e-01, -1.7453292384743690e-02,
       -3.4906584769487381e-02 ]
   carpals: [ 8.7266467511653900e-02, 0., 0. ]
   root: [ -8.7266461923718452e-03, 0., 0. ]
