%YAML:1.0
---
rotation: [ 4.5943805575370789e-01, 5.9875142574310303e-01,
    -6.5605902671813965e-01, 1.0395479202270508e-01,
    6.9730615615844727e-01, 7.0919501781463623e-01,
    8.8210546970367432e-01, -3.9403161406517029e-01,
    2.5812590122222900e-01 ]
hand_joints:
   finger1joint1: [ -1.6580627858638763e-01, -5.2359879016876221e-02,
       2.0943951606750488e-01 ]
   finger1joint2: [ -3.8397243618965149e-01, -2.8797933459281921e-01, 0. ]
   finger1joint3: [ -4.7123891115188599e-01, -1.6580627858638763e-01,
       5.4977875947952271e-01 ]
   finger2joint1: [ -3.0543261766433716e-01, 0., 0. ]
   finger2joint2: [ -5.0614547729492188e-01, -1.0471975803375244e-01, 0. ]
   finger2joint3: [ -4.1887903213500977e-01, 0., 0. ]
   finger3joint1: [ -5.0614547729492188e-01, 0., 0. ]
   finger3joint2: [ -5.7595866918563843e-01, 0., 0. ]
   finger3joint3: [ -3.8397243618965149e-01, 0., 0. ]
   finger4joint1: [ -5.4977869987487793e-01, 0., 0. ]
   finger4joint2: [ -5.4977869987487793e-01, 0., 0. ]
   finger4joint3: [ -6.1086523532867432e-01, 0., 0. ]
   finger5joint1: [ -5.5850535631179810e-01, 2.3561945557594299e-01,
       -1.9198621809482574e-01 ]
   finger5joint2: [ -3.8397243618965149e-01, -2.0943951606750488e-01,
       -2.3561945557594299e-01 ]
   finger5joint3: [ -6.1086523532867432e-01, 0., 0. ]
   metacarpals: [ 1.5707963705062866e-01, -1.7453292384743690e-02,
       -3.4906584769487381e-02 ]
   carpals: [ 8.7266467511653900e-02, 0., 0. ]
   root: [ -8.7266461923718452e-03, 0., 0. ]
