%YAML:1.0
---
rotation: [ 3.7323963642120361e-01, 5.8586889505386353e-01,
    -7.1933984756469727e-01, -8.1822305917739868e-01,
    5.7333463430404663e-01, 4.2407877743244171e-02,
    4.3726789951324463e-01, 5.7275217771530151e-01,
    6.9336265325546265e-01 ]
hand_joints:
   finger1joint1: [ 1.8325957655906677e-01, -1.6580627858638763e-01,
       1.9198621809482574e-01 ]
   finger1joint2: [ -2.3561945557594299e-01, 0., 0. ]
   finger1joint3: [ -2.5307273864746094e-01, -1.6580627858638763e-01,
       5.4977875947952271e-01 ]
   finger2joint1: [ 7.8539818525314331e-02, 0., 0. ]
   finger2joint2: [ -1.6580627858638763e-01, -1.0471975803375244e-01, 0. ]
   finger2joint3: [ -2.7925267815589905e-01, 0., 0. ]
   finger3joint1: [ -6.9813169538974762e-02, 0., 0. ]
   finger3joint2: [ -1.3089969754219055e-01, 0., 0. ]
   finger3joint3: [ -1.2217304855585098e-01, 0., 0. ]
   finger4joint1: [ -9.5993109047412872e-02, 0., 0. ]
   finger4joint2: [ -2.5307273864746094e-01, 0., 0. ]
   finger4joint3: [ -3.0543261766433716e-01, 0., 0. ]
   finger5joint1: [ -5.6723201274871826e-01, 2.0943951606750488e-01,
       5.2359879016876221e-02 ]
   finger5joint2: [ -3.1415927410125732e-01, -3.1415927410125732e-01,
       -2.3561945557594299e-01 ]
   finger5joint3: [ -3.3161255717277527e-01, 0., 0. ]
   metacarpals: [ 0., 0., 0. ]
   carpals: [ 0., 0., 0. ]
   root: [ 0., 0., 0. ]
